1 
  
  
  
  
  
2 
  
  
4 
  
  
  
  
  
  
  
  
  
  
  
  
  
  
  
  
1 
  
  
  
  
  
  
6 
  
  
  
  
  
  
  
  
  
2 
  
  
  
  
  
  
2 
  
  
  
  
  
  
  
3 
  
  
  
  
  
  
1 
  
  
  
  
  
  
2 
  
  
  
  
  
  
  
  
  
  
  
  
11
  
  
  
  
  
  
  
  
  
  
  
  
7 
  
1 
  
  
  
  
  
2 
  
  
  
  
  
  
  
  
  
  
2 
  
  
  
  
  
  
  
  
  
  
  
  
1 
  
  
  
  
  
  
5 
  
2 
  
  
  
  
  
  
  
  
  
  
  
12
  
  
15
  
  
  
  
  
  
2 
  
  
  
  
  
  
  
  
  
  
  
  
  
  
  
  
  
  
1 
  
  
  
  
  
  
2 
  
  
  
  
  
  
  
1 
  
  
  
  
  
2 
  
16
  
  
  
  
  
  
  
  
  
1 
  
  
  
  
  
  
  
  
2 
  
  
  
2 
  
  
  
  
  
  
1 
  
  
  
  
  
  
  
  
  
  
  
  
14
  
  
2 
  
  
  
  
  
  
